ind_cov
[[ 0.02599  0.0077   0.00763  0.00884  0.00164  0.00912  0.00877  0.00878
   0.0088   0.01048]
 [ 0.0077   0.01845  0.00817  0.00841  0.00105  0.00775  0.00918  0.0095
   0.00801  0.0098 ]
 [ 0.00763  0.00817  0.01739  0.00773  0.00025  0.00708  0.00821  0.00773
   0.00864  0.00873]
 [ 0.00884  0.00841  0.00773  0.02046  0.00133  0.00819  0.00923  0.00894
   0.00905  0.01034]
 [ 0.00164  0.00105  0.00025  0.00133  0.07984  0.00115  0.00151  0.00104
   0.00089  0.00114]
 [ 0.00912  0.00775  0.00708  0.00819  0.00115  0.02835  0.0091   0.00872
   0.00863  0.00972]
 [ 0.00877  0.00918  0.00821  0.00923  0.00151  0.0091   0.02674  0.01016
   0.00968  0.01146]
 [ 0.00878  0.0095   0.00773  0.00894  0.00104  0.00872  0.01016  0.02608
   0.0101   0.01078]
 [ 0.0088   0.00801  0.00864  0.00905  0.00089  0.00863  0.00968  0.0101
   0.02551  0.0106 ]
 [ 0.01048  0.0098   0.00873  0.01034  0.00114  0.00972  0.01146  0.01078
   0.0106   0.02608]]
dim: 10
adv_ind_cov
[[ 0.24975 -0.00907 -0.013    0.01245 -0.03632  0.08657  0.05805  0.04895
   0.03359  0.04969]
 [-0.00907  0.15777  0.01656  0.0224   0.00535  0.01416  0.03405  0.03999
   0.04248  0.03275]
 [-0.013    0.01656  0.19719  0.01613  0.01475  0.00456  0.03069  0.04275
   0.03604  0.03135]
 [ 0.01245  0.0224   0.01613  0.1868   0.01165  0.03422  0.04443  0.05497
   0.04758  0.04284]
 [-0.03632  0.00535  0.01475  0.01165  0.12284 -0.04626  0.02056  0.02353
   0.01957  0.01778]
 [ 0.08657  0.01416  0.00456  0.03422 -0.04626  0.24668  0.0698   0.07437
   0.06014  0.05998]
 [ 0.05805  0.03405  0.03069  0.04443  0.02056  0.0698   0.20552  0.0895
   0.08682  0.0941 ]
 [ 0.04895  0.03999  0.04275  0.05497  0.02353  0.07437  0.0895   0.20304
   0.08588  0.09251]
 [ 0.03359  0.04248  0.03604  0.04758  0.01957  0.06014  0.08682  0.08588
   0.17892  0.08835]
 [ 0.04969  0.03275  0.03135  0.04284  0.01778  0.05998  0.0941   0.09251
   0.08835  0.20045]]
dim: 10
ind_corr
          0         1         2         3         4         5         6  \
0  1.000000  0.351596  0.358831  0.383428  0.035921  0.336029  0.332506
1  0.351596  1.000000  0.456046  0.432714  0.027229  0.338958  0.413443
2  0.358831  0.456046  1.000000  0.409815  0.006676  0.319052  0.380886
3  0.383428  0.432714  0.409815  1.000000  0.032873  0.340037  0.394349
4  0.035921  0.027229  0.006676  0.032873  1.000000  0.024278  0.032596
5  0.336029  0.338958  0.319052  0.340037  0.024278  1.000000  0.330393
6  0.332506  0.413443  0.380886  0.394349  0.032596  0.330393  1.000000
7  0.337417  0.432934  0.362792  0.386969  0.022900  0.320601  0.384806
8  0.341775  0.369105  0.410045  0.396180  0.019774  0.321084  0.370558
9  0.402715  0.446611  0.409751  0.447569  0.025091  0.357377  0.434029

          7         8         9
0  0.337417  0.341775  0.402715
1  0.432934  0.369105  0.446611
2  0.362792  0.410045  0.409751
3  0.386969  0.396180  0.447569
4  0.022900  0.019774  0.025091
5  0.320601  0.321084  0.357377
6  0.384806  0.370558  0.434029
7  1.000000  0.391448  0.413383
8  0.391448  1.000000  0.410831
9  0.413383  0.410831  1.000000
dim: 10
adv_ind_corr
          0         1         2         3         4         5         6  \
0  1.000000 -0.045699 -0.058563  0.057628 -0.207363  0.348761  0.256241
1 -0.045699  1.000000  0.093886  0.130482  0.038427  0.071761  0.189094
2 -0.058563  0.093886  1.000000  0.084034  0.094751  0.020691  0.152425
3  0.057628  0.130482  0.084034  1.000000  0.076904  0.159410  0.226756
4 -0.207363  0.038427  0.094751  0.076904  1.000000 -0.265749  0.129380
5  0.348761  0.071761  0.020691  0.159410 -0.265749  1.000000  0.310007
6  0.256241  0.189094  0.152425  0.226756  0.129380  0.310007  1.000000
7  0.217356  0.223426  0.213660  0.282267  0.148963  0.332296  0.438120
8  0.158895  0.252859  0.191844  0.260240  0.132003  0.286278  0.452769
9  0.222081  0.184142  0.157668  0.221383  0.113304  0.269726  0.463635

          7         8         9
0  0.217356  0.158895  0.222081
1  0.223426  0.252859  0.184142
2  0.213660  0.191844  0.157668
3  0.282267  0.260240  0.221383
4  0.148963  0.132003  0.113304
5  0.332296  0.286278  0.269726
6  0.438120  0.452769  0.463635
7  1.000000  0.450561  0.458571
8  0.450561  1.000000  0.466545
9  0.458571  0.466545  1.000000
dim: 10
